350
6219 3406
-6988 -837
4544 6013
-2158 3089
-8989 -2774
4816 -4060
-2633 7616
4886 -3801
4985 8535
-6919 -939
-6291 8766
937 1196
7796 2021
1189 1168
4462 7902
-1983 2852
-1889 -245
1030 934
1422 -7150
-7140 -803
-2236 -3123
5163 -3888
4030 -4562
-2095 2905
-8055 8680
5072 -4057
9557 7654
-2035 3160
-411 -520
5063 -3853
-6880 -5558
-7170 -1059
-5843 -5652
-2126 3164
554 -1889
-6950 -1128
8921 -1195
-7008 -969
-7526 -6950
-6937 -817
-884 2093
-6951 -1033
9069 -9919
1174 1034
1738 -7925
-7089 -981
-3059 6210
4965 -4055
1067 7934
-1911 3048
1263 -8414
850 1120
5059 -9467
880 1025
4959 -9978
-7097 -848
-5678 -109
-2060 2847
1810 -1796
990 1140
-4577 -8304
-6880 -1044
-2328 4065
1160 848
-9965 -3007
-7161 -1133
9453 -2589
-7196 -1196
1258 -6049
-6845 -1133
5653 -7680
-2004 2845
-6644 -6619
4988 -4047
-5507 2541
-1872 3146
-5319 -7759
1112 1132
-4623 4421
5169 -4091
-5040 3490
-7089 -1156
-6708 -5413
1101 1173
2583 1519
-7039 -1129
-1881 -925
927 1083
9693 9661
5198 -3847
-9122 -116
-1935 3110
6696 -3819
-7049 -870
-8212 -2158
-7003 -1143
-2101 6370
1070 806
1832 370
-2002 3091
3790 1973
-1810 3041
-7609 -9454
807 934
-2931 -8695
1003 1059
-613 6418
-6984 -841
3181 -7300
-2058 2842
155 -7411
-2121 3074
706 2803
958 1157
4335 -2181
925 844
4237 -6200
-6887 -889
-8197 134
-2139 2806
-5504 -9629
-1946 2977
7137 6948
4885 -4010
-5841 -1194
1194 815
977 4068
5068 -4168
-1384 8895
1054 1033
6737 1800
1055 1090
-4532 2048
-2070 3195
-6629 8805
916 1179
6673 -9916
806 925
-8494 5458
4996 -4124
-4136 -8842
-7086 -1036
-1865 3639
4938 -4161
8728 2216
1057 1144
-8275 -4124
-1936 2823
3137 -7742
-7056 -804
180 724
1083 1033
-9739 2088
-2051 3088
-42 -2052
-7012 -898
6166 -3597
-2123 2803
3436 -9217
-1923 2977
-9686 977
1188 1136
2329 76
905 1071
-2196 3756
-7170 -1128
-831 -6952
918 1066
3535 2205
-6818 -1157
9030 -6869
-1874 3001
-7548 9395
1022 1139
-5717 -2242
4933 -4039
2876 690
5031 -4061
-2346 -7553
-2131 3199
9159 -6430
-2146 2884
4731 5271
5008 -4139
7561 1740
-1969 2957
5182 -1317
846 880
-32 9769
910 967
-5140 -7012
-2018 3002
6825 -8396
4933 -4111
-8982 3251
-6916 -817
8026 -1813
1036 852
-5420 -6021
831 1199
-2717 -5717
-1995 2990
-7247 9081
4838 -4189
-7888 -3521
-7135 -1153
864 -5986
1036 825
-4496 8805
-6830 -998
6257 -9034
-6851 -982
-4338 1598
-2105 2940
-830 4614
-2183 3114
-1947 -330
-6990 -919
5696 -8002
943 996
-5504 3737
-1871 3069
-1836 7814
995 1200
1767 5718
-7024 -911
6462 538
-7062 -1108
-9146 448
-2185 3198
-795 -8081
-6929 -1017
9136 -2373
-2149 2926
-2098 -1267
1191 912
8864 2727
4888 -4110
-2249 9415
5177 -3843
1756 9384
1160 1158
1523 8600
-1912 2896
6129 7764
4889 -3949
-8757 -7043
919 1108
-2831 -9347
-7200 -1031
-3399 -5725
5167 -4110
603 -8049
875 1100
-5359 -6366
4837 -4009
2962 9202
972 954
571 -5529
-1826 3023
5964 396
-1838 3087
1692 -2685
-2007 2957
-350 -5828
-1827 2800
8770 2831
893 1108
427 -2762
1054 872
851 -7451
-2023 2963
-4499 -7093
5028 -4195
-1310 -3130
-1846 2834
1484 -1590
1168 800
-8423 2646
-6825 -986
-4550 3566
-7007 -1021
7892 2299
1045 1095
-2609 -4671
-7163 -1183
-337 -9343
4933 -4147
-7569 1200
-2008 2882
-7543 7925
973 1104
5818 -8985
-6866 -1116
9900 4227
-2173 2851
849 -3265
-1991 3156
8157 7698
5138 -4056
-255 -2217
825 1001
8735 8011
-7122 -1173
1823 -9875
-7156 -1050
9667 5739
-2151 2813
-3219 -4403
4841 -3958
-6216 104
-6959 -950
-1317 -7014
-7106 -1011
2499 2104
-1972 2822
-1373 4409
-7066 -1085
-1200 8489
877 1185
-6832 -7192
5077 -3989
9324 -2545
998 1067
3717 7547
-6907 -1080
5606 -208
1002 1165
-8863 6452
-2139 3187
4714 -4336
-2092 2898
-5866 -8602
-7160 -851
4266 -3384
-1896 2932
477 -7805
998 1084
3020 8089
4941 -3934
5012 -9595
-7143 -988
-5097 -5144
854 1088
-6691 -626
5010 -4065
2551 5911
-7181 -1112
-976 3204
-1884 3111
