400
3163 -8730
-7031 -847
-2216 -8385
-7063 -1010
-9338 1071
4959 -4057
6109 -6782
-2132 2953
4519 514
5173 -3987
9823 -7075
-1974 2908
3342 5874
4828 -3937
-4791 -7850
5163 -3941
3218 -5556
888 898
-3423 -8112
-2184 3033
-8344 1808
-2060 2988
5211 6551
-6875 -1137
-8999 -2073
5050 -3896
4617 -4181
-6900 -918
1460 1280
-2068 3183
-7039 -659
997 825
-4662 8751
-2087 3131
-2624 -3226
5133 -3991
6819 -9343
1042 867
-4325 9698
914 929
9934 9
5016 -4008
1426 5040
4911 -3962
-100 7060
-6901 -1148
-9760 6761
5087 -3869
9456 9957
4952 -3850
-6458 5785
972 941
654 -928
5135 -3836
-210 -3828
-1936 3191
-2126 -8140
-6862 -1037
-5415 -9166
-7049 -1068
3715 3257
-6823 -1182
9104 8744
-2025 3171
-2714 7518
-6857 -1017
6623 -164
-1864 3085
-4065 -374
1041 865
-1525 8318
-1852 2971
-7074 -2718
4914 -3819
62 3778
4990 -4067
9187 -365
-7140 -960
-8242 9122
1041 899
6399 -6074
-6929 -1048
3536 -8229
-2130 2902
1228 3408
-7127 -1039
-4091 -7352
-7030 -877
-4206 269
802 1031
-1038 -3139
-1905 3191
-4809 6042
866 1114
4211 4070
-6981 -956
2560 -9848
1073 902
2225 -9539
5187 -3929
-3756 -9413
1120 1175
-1847 -2586
4959 -4134
-6635 2568
4885 -4167
-8502 -229
5033 -3828
7048 9541
5022 -3849
-5616 1230
-7017 -816
-3826 -4598
-7191 -1084
-2650 -5701
-1825 2811
9323 6535
-2137 2987
-8776 2294
5194 -3927
-8408 9461
1138 855
-9354 -8420
1013 1027
2460 -5951
5042 -3841
-4983 -3267
954 1015
-6692 7049
5118 -3890
-5506 3724
1061 1168
-6143 -737
854 1054
-3491 9955
-1802 2934
7142 -3392
5160 -3991
-322 -4745
1080 1054
-3195 5750
4920 -4199
-9583 -7084
1093 1142
6190 -5113
1199 1061
-7541 -6681
5129 -4082
4966 -300
5037 -4175
-6730 -4276
948 984
246 3959
848 1188
-8497 -9684
-1861 3131
-4413 769
5024 -3882
-1209 -6955
4975 -4107
-6270 3132
-6967 -1061
2639 5671
-6868 -1115
-6296 -5658
881 853
3632 9357
-6909 -853
4357 -4061
-6802 -1017
-9056 -5719
-6951 -1143
3476 4440
832 933
296 -9595
-1858 2973
7009 7141
1021 1138
-1855 5791
5139 -3854
2611 -5129
805 1129
-4858 6566
-6947 -1116
-7547 6110
4923 -4031
-886 -8351
-1919 3129
2407 3214
-2160 3035
4555 8777
-7155 -945
4649 356
1054 1181
-9418 -6637
-6989 -1182
8256 7992
846 1109
-19 6657
-1865 3143
4949 1169
4827 -4086
4891 878
-6834 -864
1904 4828
849 1188
-2734 -9929
4981 -3876
-433 7946
5159 -4146
-8500 -4621
-7129 -833
3409 -6496
5112 -4100
-3855 -6044
-7090 -966
-3756 1073
1187 1012
-8477 9294
1195 1030
4987 9310
-1945 2802
7378 -8409
-6901 -953
6657 -4194
-1826 2865
-6607 2694
5058 -4004
3718 9955
-2060 3003
1234 -361
-7132 -1130
3524 9743
5159 -3920
286 8139
-2098 2907
-479 1314
-1837 3132
-4174 6511
5163 -4141
1542 8424
-6902 -908
3679 7494
5016 -4194
7128 -6512
995 874
-8262 -8146
-2064 3184
-4727 -609
4874 -4169
-329 -3316
983 1031
-6642 8411
-1820 3131
8391 2743
-1939 3156
-575 -8461
-7002 -987
245 8092
806 1180
-1765 -3346
-7085 -876
2050 9280
-1803 3171
-3660 -361
-7110 -851
-7560 -3874
-1824 3063
-6090 2360
1019 942
8238 -1342
-2118 3099
-1644 -9816
5038 -3837
-4928 -8692
-2035 3105
-8334 -132
-6907 -919
1733 -7612
5069 -4088
-3975 7059
1058 881
3629 7795
-7153 -1022
-2752 -3009
4969 -4016
-381 -2842
-6913 -815
-9712 -6241
5028 -4077
-2011 -8694
4995 -4142
2644 -1593
4812 -3936
2286 6852
-6951 -1178
-287 -3692
5063 -4158
-6856 -4515
1120 833
-3094 -3015
-7147 -1095
7621 4261
1182 1151
-4962 -9222
-6833 -1031
-8759 -7133
827 891
-1746 8287
1094 916
-1525 3357
-6970 -878
3252 4189
4808 -4001
-6124 7525
1128 1168
-7928 9189
1158 837
1721 6476
948 1151
-126 9875
944 1191
4341 2498
-6862 -1185
5531 -4878
-2131 3182
2812 7882
5124 -4127
-234 2226
1083 1084
-5368 -5962
802 1093
9551 2913
956 907
1267 -3062
-6870 -938
-5333 -4726
-2087 3115
-1719 -3633
892 1143
8589 -8218
-6870 -919
-7604 -476
928 850
-3532 9024
-7031 -1018
-5799 -2315
945 1117
-7713 -3660
5048 -3970
759 16
-1911 3090
1943 365
-7114 -1198
263 -1934
-1836 3178
4290 -934
4868 -3853
864 5727
-6972 -1017
9 5957
889 1130
9877 -7314
4871 -3925
-3564 -1375
1172 838
-9390 6619
1097 1096
3275 9334
-2182 3082
-1461 7808
-6866 -804
-5130 1987
-7086 -805
9320 -465
-1963 3056
6725 -7033
-7014 -943
-9653 -2173
-1813 3063
-5401 4621
-2109 3089
8540 -5210
-7017 -1180
-2830 5979
-2168 2935
2105 -2332
1142 905
6970 1837
-6960 -968
-8479 -8693
4852 -3840
7084 -1039
5096 -3922
8683 -4304
-6866 -1007
1970 9257
1064 928
2331 -2697
-7020 -1024
