180
-1604 2087
-1890 3110
-6247 -4634
4855 -3904
-9159 222
-6997 -834
-3502 -7510
-2148 3156
-118 9674
1089 1200
-8655 1377
-6862 -1011
-7741 6579
4806 -3985
6062 -6542
-7015 -875
5064 -4987
-7110 -825
7096 -1150
-6962 -977
9414 -1206
4925 -4156
-861 4771
-1816 3037
8672 9999
-7028 -1186
6197 650
-1951 2908
1626 -1535
4943 -3895
-948 8212
1064 897
-7195 -2092
-6950 -916
-2126 5600
-6971 -1192
-6951 -359
-1993 3154
-2028 33
5042 -3917
7397 1264
-6819 -919
839 1528
-7062 -1044
-1763 -2446
1169 898
339 -6083
-2102 2910
5866 -940
4851 -4101
-293 -2546
4891 -4046
-9537 7502
-2060 2823
-8214 8132
5157 -4136
6085 -6639
1093 945
5381 5686
-7026 -1106
-8317 -1727
-7142 -1167
3130 6113
1095 1122
-8244 -5029
-1912 2955
-7209 -1868
1085 1191
3637 9867
-1803 3067
2464 4762
-7048 -899
4051 6
1112 1178
-6749 -3192
-2065 3138
-7340 -4854
-2112 3082
-7541 -4871
1009 1030
9458 5398
4816 -4082
-560 -736
-7164 -849
-2352 -1332
-1983 2858
7844 -2634
-2064 2872
-7661 -8046
-2043 3104
8651 -543
-7137 -961
-36 3189
5056 -3924
6180 4344
1106 820
4156 561
4813 -4154
-2499 8848
1191 1144
-1169 8882
1190 1187
-4260 5417
-7058 -1108
9180 4283
-7154 -960
1401 3380
4964 -3857
-6573 -4731
5010 -3845
6235 -556
-6811 -919
-8798 4903
961 929
593 -6202
-6937 -1200
7779 5138
-7173 -1104
6988 1854
-6880 -974
-8309 -3330
5081 -4133
-562 4356
-7138 -1186
9951 -2159
-2041 3082
-9552 8096
-7153 -1085
-6283 5120
1131 878
6330 -437
5012 -3953
5473 -2014
-6918 -1126
2569 -3755
-2165 2941
3596 1137
4801 -4056
-217 9232
-7124 -972
7648 5870
4970 -3918
7807 2360
-7036 -1104
-2175 8736
-7081 -803
3460 -8570
5181 -3958
2492 2651
-1947 2818
-5864 6459
4851 -3975
-6733 7234
-7193 -831
-5277 3434
-2162 3040
-1316 1093
-6868 -1159
766 7485
-7038 -880
5989 7728
1116 835
-2308 -584
-1818 2846
4220 -6775
1027 885
-188 -9052
966 828
-387 1746
5020 -4126
-1999 7405
-6911 -851
-4100 -4430
-2160 3112
2535 -2109
-6902 -1127
-2392 5110
5035 -4070
-9693 5245
5146 -3921
