150
-4842 -8137
895 835
9498 -7774
-1994 2861
8667 -1933
1117 841
3737 9125
4933 -4096
295 -2179
5002 -4133
-170 4982
5184 -4163
-9695 5017
837 1075
-3016 6576
4867 -4022
-7746 -1996
4945 -4120
4358 7800
5113 -3866
7332 -9744
5139 -4147
-5600 -1334
854 1180
8128 -4907
4944 -3891
-3099 1235
-1849 3124
-1350 6561
-7072 -1174
-6976 3879
4822 -4199
929 -5714
4882 -3821
4478 8077
-6913 -1196
-6335 -7535
-1921 2818
2098 9087
-1980 2865
-8630 101
4820 -4017
-3117 -1824
981 1199
8346 3316
-2079 2883
-4199 3510
891 1177
885 3491
-2064 2881
-6458 2535
1040 913
-3461 5083
4956 -4084
-2696 -9225
-1996 2968
-871 -7726
4979 -3872
6692 3096
4814 -4141
-1441 -4149
4819 -4145
9548 4239
5173 -4040
4299 9864
997 1095
-3772 -1654
1162 1023
-9945 7036
-2014 3020
-7708 819
5139 -4137
-160 6617
5141 -3991
688 3185
5083 -4135
-3714 3777
-6854 -817
-4298 8648
5007 -3920
-9987 -43
4907 -3980
9004 9879
5038 -3974
4488 -2998
-6824 -1114
-7222 -701
4847 -3816
-2304 171
-2099 2875
-9200 -8486
-1957 3112
-7614 4923
-6878 -906
-3629 2582
-6996 -1076
-5165 -9819
1198 1017
-2830 -4237
-7175 -915
-1835 -6024
-7132 -963
7404 8314
5186 -3974
6540 3983
-7119 -820
5554 4747
5184 -4074
-914 7081
-6880 -1078
-1002 4413
1165 946
-2317 -1097
4963 -3924
-7360 -5466
-2082 2996
-4993 -2990
1012 1008
842 7780
-6988 -1169
-3223 3767
-6806 -901
-9360 8864
-6956 -1197
1526 -216
-6986 -925
7895 9767
-1951 2912
-1057 4281
-7186 -1001
1014 3248
-1961 2865
7502 -9117
-6897 -912
-9112 -7250
-7131 -964
-4046 -8353
4994 -4033
-3065 4899
4972 -3811
2423 -883
-7071 -1159
5411 -9365
979 914
-7752 -8681
926 902
-9333 -5007
-2136 3042
-6252 8480
-1962 3158
