120
-6352 -9181
4925 -4086
-5428 -6642
1102 1016
-8959 -9024
911 919
6559 9726
1087 901
7856 3746
-1971 3101
-885 -9788
-1843 3016
1149 -895
-2090 3190
1029 -6651
994 849
1763 1270
4822 -3827
5054 7571
993 840
8089 -394
5095 -4102
-7721 -8499
-1805 2948
-7386 -2372
994 942
4857 1954
-2011 2981
-3135 -1252
1111 1125
-4393 7502
-2117 3036
2433 -1155
-1850 2966
-8168 -2495
961 1005
-1227 -7832
-1910 3167
311 -3033
-6998 -871
5035 -5319
4871 -4074
8394 7661
5182 -3901
4038 9121
-7015 -1088
-5468 6696
-7154 -814
-8457 -6408
-1879 2881
3833 9543
997 995
9526 5337
5083 -4195
-6247 7595
5193 -3872
1146 -6345
5022 -4120
4867 -9894
5056 -3810
-4146 6635
1120 952
6635 9954
-2122 2991
-4707 7674
1106 965
6010 -9362
985 957
-2154 -8102
-1910 2840
-7194 5924
1189 1072
-5880 -5793
-6919 -1116
-1315 7290
-7092 -924
-3409 214
-6857 -868
2236 4355
-7139 -1074
-2638 -7902
4810 -3899
8150 -2460
-2197 2836
-8071 -2499
816 969
-7679 6847
-2058 3142
5906 -2980
-1830 3092
8881 5488
-1958 3008
-3761 -6910
1137 1020
1609 3879
-6961 -827
-8225 -6776
1006 1172
1118 -6420
-2102 2897
7573 4700
-1984 2893
-873 5159
-2162 3026
8033 -6792
1133 1076
-9517 -6944
-2115 3008
5913 5773
-1995 2830
-4606 2418
999 935
4909 -653
-6844 -826
8211 5947
-2103 2951
-2867 -8084
1182 960
-8127 -8357
-6943 -929
