220
-4824 -7580
-7024 -900
-198 3903
5033 -4046
-3473 2605
-7146 -1079
2496 8740
5094 -4049
-326 -9282
-7060 -1196
8544 -8393
-7054 -803
-2460 9892
4912 -3875
-3770 -1788
-1879 2849
-8709 123
-7183 -904
1955 -5694
951 967
3615 -4245
-2133 3076
1988 7394
4884 -4069
5789 -329
4858 -3961
-7533 -5388
-1854 3170
3022 8262
4846 -3998
-9544 -1335
1032 988
-1410 9154
-6874 -1010
-6450 -2339
-7188 -883
8396 748
-1869 2832
5213 -98
-7141 -1129
-8515 -8781
5052 -4141
-6816 -2307
-2002 3032
2157 7701
-6900 -820
-4937 3594
1050 1115
3373 -834
1153 989
-2881 4528
-7080 -1015
-6745 2036
4831 -3997
-960 -3781
1032 846
-3050 9567
825 970
-2019 -5874
-2165 3191
8160 -3212
-2081 2968
-5165 9529
941 874
-5741 7701
4889 -4144
-9156 -5682
983 921
9295 609
889 935
-8283 -5847
-6931 -1142
-7918 5605
-6802 -1015
6817 9453
1031 1057
-2741 -8580
5034 -3871
-8980 -8007
-6995 -982
-6463 6065
-7163 -1159
554 9932
-2167 2864
-989 9181
4995 -3895
7385 -337
-6942 -891
4096 -6751
1135 1133
8066 -2955
-6969 -1084
3559 1106
-6996 -988
-6885 241
-7040 -860
-1648 2265
-1849 3042
-7801 -7011
847 1021
-6836 2210
-1916 2830
9217 8402
5143 -4138
3461 1586
-6831 -1174
-575 9674
4980 -4147
8937 6626
-2121 3136
5800 -2652
979 1084
2044 -6236
5093 -4085
4061 8381
1111 1136
-1237 -9052
-2061 3159
124 1135
4803 -4108
-5306 8557
-7165 -1128
-8996 -6994
-2008 3014
4865 1170
-2011 2959
629 8598
826 879
-4842 -8370
939 1026
3894 5914
-6988 -1061
-2937 6788
976 1020
-6367 -719
-6931 -859
106 -8512
-1998 3106
-8205 -9749
-2046 2908
-5504 -1628
4967 -4139
-9747 6298
-7111 -1134
2458 7451
-1944 3086
1605 -7639
-6821 -1179
4294 -9386
-7161 -1040
8866 4066
-6837 -873
3686 -514
1007 810
642 -4369
-6847 -1015
-7113 4310
924 1023
9296 3121
1002 958
1125 -2740
5198 -4114
-7498 6727
1071 1061
-3647 1448
5172 -3870
-5161 -2258
874 931
-3536 -4315
-1811 3188
-7531 -4196
-6963 -814
8472 8988
-6852 -911
590 359
-1975 2834
5365 4490
4940 -3898
-8160 1532
958 1036
4808 -8768
988 946
-7486 -7042
-6964 -903
8163 -8656
-6908 -867
-3832 535
-6944 -1123
-7973 4762
975 1165
-7237 6533
-2180 2926
4344 4398
-2014 2990
-731 2694
-6804 -1027
9591 -8285
4833 -4032
-6904 8283
-7055 -1071
9749 -5073
4841 -3902
-5366 1462
5135 -3843
2843 -5775
958 1086
2343 763
-1857 3159
7248 -6938
-6940 -1015
-9403 1881
4892 -4091
1197 5934
-2085 2870
-4923 -7472
4851 -3941
7687 7253
1138 972
-5706 9570
-7122 -1117
