260
-4075 -4576
-7178 -990
1937 -2217
-6888 -1055
4710 -2333
-2042 3040
-3643 2053
-6964 -807
-767 2513
-7118 -1098
9813 -5465
4826 -3872
5747 2163
1164 1064
-5915 -660
1190 882
-1062 4723
-1977 2846
-2725 4782
4813 -3988
-8255 2991
4920 -4003
-7326 2285
-2186 2963
-6754 986
-2130 2819
-600 5481
-1812 3161
5371 4699
840 809
-1614 -2934
-1920 3172
9951 7294
-7144 -803
-560 -2214
4862 -4176
-2187 3756
-7168 -1144
6378 9553
1123 1063
8843 -2073
-2051 3019
-9949 1561
-1908 3013
-3863 -7195
4834 -3931
7828 6624
999 1040
-8574 2677
4929 -3818
-9468 1701
976 923
-6604 9067
4868 -4178
1544 7891
5129 -4111
5224 5680
-2131 2832
4997 -8789
4903 -4178
-3464 -8627
4958 -3937
3049 7794
-7071 -1182
-3738 -625
5199 -4176
876 -1048
988 1023
3107 4409
-7027 -1105
6259 6302
5065 -4064
-7293 3910
1020 1108
-4087 7874
4964 -4148
-7377 745
4956 -3972
9746 3962
-1847 3027
1519 4651
1172 980
4252 -1004
838 1143
3310 1904
-2185 2873
9908 4358
864 834
-2267 2003
4996 -3910
-8939 9827
-1853 3030
2155 2190
-6810 -1161
8806 -5489
5003 -4040
-868 -1821
813 1176
-3904 6352
-6913 -1140
-1423 -1471
-7091 -887
-643 6095
-2138 2869
-7574 4812
-1835 3027
-7124 472
5163 -4167
8022 7765
4953 -4120
-4296 1845
-2138 2902
-5450 -2243
-7187 -1016
8154 8752
5039 -3918
-5748 -7175
958 1003
5684 7225
-6807 -991
8838 -7584
-2038 3128
-7570 4744
-6852 -936
1289 -5795
-1807 2866
4176 6477
863 1065
-4986 -35
-2118 2965
-2612 1338
4840 -4072
-3568 8049
4864 -3880
-78 7481
1057 1128
-4475 9392
-2113 3137
9829 1063
814 841
-8511 8899
5133 -4093
8747 3650
1054 1121
7877 -509
5047 -4075
3306 -254
-7163 -848
-8037 -4821
-6988 -953
5218 -3315
5110 -4127
242 463
5004 -4134
2141 6874
963 923
5285 -5986
5030 -4074
-5384 -6828
948 996
3701 -1865
-2033 3095
247 -3780
-1945 3063
5296 6343
5054 -4189
-7050 2885
-7077 -1090
9115 1563
825 944
6216 9579
-7054 -926
-9733 -6478
-7132 -1065
1985 3213
4823 -3995
-8324 8686
-2015 3083
-544 -7591
-6942 -970
8017 -835
865 849
2907 2228
5085 -4013
-5273 -3478
-6944 -1180
-8516 -8725
-1835 2970
5523 7017
-7124 -890
6892 -5420
5113 -4037
-4676 2876
5103 -4028
6623 6702
-6838 -912
-177 5561
988 969
-6409 3649
5171 -3848
-9127 9559
-7065 -865
8955 8927
-1831 2826
9120 5743
-1932 3122
2458 -5158
-2184 3093
-6399 -3749
1025 960
3722 -5038
-6847 -1096
3447 6443
-6824 -828
-7960 -5476
-1913 2966
5675 7218
-7040 -1112
5062 7469
5079 -4019
-1338 9990
-7102 -1074
-858 8287
4915 -4048
-530 -3208
-7038 -955
1429 8366
4947 -4138
8791 7799
-6998 -1024
-5201 -483
947 1165
-7411 1349
-6865 -1069
5698 -2989
-1925 2938
8416 -1100
-2145 3115
9229 -2160
-2175 3142
7401 -2606
-2174 2851
3543 823
-7149 -852
-5496 -9831
-1992 3134
5587 5645
-1813 2947
524 -648
1193 845
8813 -2391
889 1013
-4240 -8810
-6947 -1105
-515 -8773
952 1090
9751 -6484
4945 -3968
7802 7180
-7132 -942
