500
-5683 -3225
-1903 3077
-3371 -5475
5152 -3839
7164 -5569
-6806 -1126
8508 -4822
4834 -3915
7464 -6121
-2038 2874
-9034 442
-6990 -1045
4516 -1029
-1802 2896
-6502 -5690
-2187 3190
-1256 9844
-1895 2918
-2434 -9146
4840 -3848
5617 -5607
-6836 -868
2253 -3972
-6949 -958
-5494 -4634
-2085 2816
3388 -9509
5011 -4087
-3354 -3297
890 1024
6054 646
-7074 -982
3266 -8630
-6832 -1040
2915 8741
1066 855
4798 4971
925 1065
7624 2963
1085 998
6912 -8385
-2051 3025
3042 -21
5036 -4115
3843 -353
1153 1064
-5340 5190
-7154 -831
6405 -6292
-1802 3099
7904 -5567
-6989 -1035
4774 -9184
-1968 3102
-3384 4899
928 965
-4627 -5952
858 1161
4725 1892
1068 1162
2585 6766
-2007 3081
2471 -8562
-2029 3089
-5082 -4688
-2109 3193
-8319 3748
4958 -3827
4622 -538
-2140 2867
-3353 -9885
4806 -3966
6306 6339
1111 1052
-2206 -2894
-6968 -991
4479 -7399
925 1080
-887 8269
-2175 2894
-5142 -8196
4818 -4126
-8938 8942
4969 -4156
-8394 -6432
-7109 -1118
-682 9495
-1967 3183
8971 1802
847 1193
-193 578
4994 -4166
4002 8037
949 1041
-5592 -6002
4968 -3931
3558 7191
-1844 2907
-8094 -6419
1047 1170
9817 -590
-6889 -1038
-1492 7216
4866 -3886
8436 6265
-6948 -1108
9969 -2375
4899 -4200
-6127 -9215
-6880 -1140
-3207 3586
-7177 -1030
1457 8363
-2195 3127
-3408 -772
4834 -4043
-161 6603
5192 -4197
-6270 921
5002 -3830
8642 -9046
-2101 2969
1073 5699
-7182 -870
-5552 5777
-1879 3035
7595 980
-6989 -820
-8165 7074
5089 -3829
338 8192
906 1095
869 1586
876 943
-8979 1113
-6880 -927
-4562 8709
-7105 -896
-6172 101
5163 -4184
-1104 3561
1054 921
2176 4808
4910 -3932
-94 -4266
991 819
-3378 -6966
-6941 -1188
5815 6385
-2103 2974
5842 7158
5197 -4033
-5305 -6781
-2095 3170
-8803 5052
-6835 -933
-6205 -9866
4822 -3849
9473 -7147
5039 -4177
-6622 7058
4811 -3905
228 -3124
4902 -4102
-610 -935
5195 -3975
-6145 -1066
-2120 2940
-6250 -9501
905 1077
1479 8001
4938 -4128
-718 8811
-2113 2836
203 1099
-7175 -1134
-9050 5425
854 996
-8238 -7179
-7000 -1109
9533 9423
-6885 -1018
238 889
-1835 3188
7481 -7427
-6910 -1133
-6956 5344
1033 958
5250 5418
-2086 2873
-1545 1909
-7107 -842
824 641
-6951 -1185
-7859 5575
979 1045
5113 -4404
5193 -4022
9806 8831
-1940 2852
3293 -6495
5084 -3868
-7676 -101
-6995 -898
3547 -2183
-1920 2881
5806 2576
974 906
9364 4127
-6910 -1025
7843 -2262
-1861 3142
-7448 8815
-7142 -897
9532 5168
5084 -4151
4588 -4228
5007 -4165
9603 -6437
-7033 -947
-7986 -7034
-2129 3097
-9994 -5193
-1969 3072
-449 2778
-7100 -1095
374 -179
5022 -3833
1280 -7075
1113 1061
3244 -5821
4831 -4011
7985 -8260
1160 1086
1771 -6406
4815 -4080
4146 9338
-6880 -1038
2543 3304
-6978 -921
-3079 -4318
-7129 -1104
8200 2602
5013 -4122
-548 -5887
-2195 2836
-9486 -5282
-6864 -977
-5551 -7226
-1872 3012
4943 9805
-6881 -1108
4889 6692
-6918 -970
2606 1642
-2105 3017
9810 -9757
-6826 -1079
6440 -1178
-6921 -905
2024 -8904
1090 1047
2077 -6292
-6847 -1160
-5345 7249
5038 -3936
-7437 7149
925 1041
-7442 7668
5113 -4173
1257 7531
1040 1032
6798 5375
5015 -4020
-346 -524
-2182 3155
9583 -37
4831 -3878
5504 8944
-1907 2826
-440 -9106
5048 -4158
-5845 6567
942 929
-5657 -794
4931 -4193
-6345 9786
-1898 3178
-5048 4635
4889 -4067
-2261 5889
-1930 2816
1234 -7235
-1896 2878
6251 3531
-7079 -862
4423 -4519
-1905 3175
1307 -8220
5186 -4141
-8279 -4509
-6996 -957
-125 5606
-2006 3149
2781 5551
4874 -3929
4245 -9612
5029 -4005
344 7375
849 1072
1594 4148
4971 -4062
-1249 -6780
5135 -3901
2817 5109
-1825 3144
9291 -3613
5146 -3847
-4105 265
1144 804
-7774 -9609
-7150 -932
-6596 4612
4912 -3829
-717 -1746
-2183 2812
-6988 -8137
-1894 3126
-6010 -6069
1109 866
2319 8548
-2144 3156
-3963 -1699
5039 -3862
-7519 4858
5193 -3982
597 -1568
-1801 2837
-914 -7956
-7002 -1030
-8032 -1539
4891 -3975
-7726 6112
-1888 3001
-4153 6123
873 1076
4131 -2844
1026 1166
-1514 -6616
837 836
8721 -1789
-7191 -946
-5123 -9972
1140 999
-1270 -5033
5000 -3906
-9879 6888
-6956 -977
3235 -7703
-2199 2996
5796 -6029
4970 -3851
-77 3127
1123 1131
-7030 1971
4841 -3965
-499 -3345
-1917 2820
2588 -3742
5156 -4001
-6502 1772
-7157 -877
4351 -3792
-2182 2898
-9169 9429
-1950 2999
-7936 7712
5055 -3927
4722 -9463
973 828
1066 -8598
-7140 -1092
7141 5019
-1821 3096
-2366 -7640
1176 872
6020 -9376
-6884 -1177
-2048 -5723
888 1123
-8363 70
1033 1112
-4407 9367
854 858
6290 9496
-2168 2903
3966 1054
-7034 -1139
8873 7887
-2036 2909
-8507 9434
-2029 2832
-6044 -1026
-1813 3012
-4494 2121
-1976 2924
9070 -8667
-2149 3123
2325 -4831
1049 841
-9792 -9764
-2155 3161
9455 -703
-6845 -805
5597 -5842
-2127 3127
-1122 7140
-6990 -1078
-4281 -8768
-1833 3055
-7116 -131
5014 -4198
8275 -2279
-2140 3071
-6865 1858
-1963 3194
-3181 -943
899 857
-5111 5545
-7110 -1119
-8588 -8230
4945 -4093
4243 -1763
5115 -3812
4848 -8581
1179 826
7608 -4237
-2186 3048
6872 -6197
920 1169
4575 9421
5014 -4099
672 -2462
966 916
-6787 -2231
-7098 -1008
-2770 -7591
-6901 -952
-8220 4282
-2090 3112
4909 -4166
-7009 -1131
4999 -3638
4938 -4097
1006 -5832
1154 1091
-8046 -806
-2144 3038
5026 3704
-1811 2975
-2796 -329
-1874 3113
-4432 8943
-2156 3010
7097 6030
-1898 3042
5163 -853
1173 1019
-1918 -1880
5022 -3904
-2713 9391
-1907 2802
3689 -8551
1040 1175
6522 -8899
-6929 -999
5704 -6789
-6947 -1077
-7278 8300
1154 1174
3324 -2857
-2017 2951
-2167 -7027
1045 1142
-12 -4699
-6908 -818
9125 -9201
-6963 -805
-5458 3282
-2011 3120
5214 -9956
997 1153
908 7397
951 1018
-1160 7774
-1850 2841
1000 -8204
4826 -4144
2548 1979
-6884 -1180
