300
5336 -1060
-2143 2969
-4676 5037
5167 -4105
-9539 1046
5090 -3855
-3671 -4250
-6982 -937
745 -7158
-6858 -1152
-3946 -5393
-7035 -1073
-9777 -1455
-7080 -972
-1252 801
5098 -3830
8772 -9626
5134 -4016
-2257 -7965
1038 957
-4767 3284
5153 -4140
-333 2043
-2088 2868
5669 -4981
-6818 -890
2242 3626
-6813 -925
-2844 -1892
1069 1028
7307 1854
1088 857
-7977 7945
-1907 3074
-5090 -4609
5066 -3974
-6192 -3270
-7154 -939
4597 -8177
-7133 -938
3612 4968
1086 1036
98 -9287
-7070 -1199
-2860 8950
823 1016
1289 -7911
835 1041
-8961 -593
-7108 -807
-5563 3774
4995 -3971
2369 2309
1149 1138
7671 -5643
4860 -4109
7604 2879
-1828 2914
-9887 -9256
5037 -3856
7840 3897
-7083 -1074
5093 1342
-2059 2896
-6303 -8945
-6886 -808
-9488 -2114
-2166 2851
9462 -8900
-6894 -856
-8405 -1981
1005 1024
-2322 7686
-1814 3197
-8151 -5409
4919 -3826
8877 449
4921 -4046
-5306 7080
-1989 2953
-984 -8003
-1880 3147
3998 8214
-7176 -1024
2489 7185
5156 -3987
3377 -5111
4992 -4106
7626 5516
-2085 2953
-5270 5172
1087 1011
3648 8261
-2002 2924
-1645 -3338
5131 -4160
4738 2159
1074 1170
-3759 -8312
4993 -3856
9823 9756
837 896
9253 8312
-1955 2906
910 -66
908 897
-6156 5693
-1844 3109
-3299 2996
-1918 2964
-725 2473
-6927 -868
1772 106
4984 -3938
6294 5270
1169 1040
493 -3344
4960 -3989
-8502 8432
-1821 2874
-9469 -1455
-7049 -1122
-3572 809
-2006 3091
-1948 6361
4931 -3810
6011 6075
-7114 -825
1540 -4454
-1832 3079
6001 -3970
1068 817
-7565 -8411
1011 870
-2417 -7773
-2196 2911
6571 4942
4830 -3884
5833 5986
803 1072
8076 3478
808 1071
-998 7555
4808 -3943
4109 -4126
849 1068
-5121 -2104
-1883 3069
-1729 1614
5003 -4160
2224 3304
-6911 -1076
-2600 -171
1134 1132
-8962 -6937
-7006 -1007
8110 5597
1126 804
-4385 -7291
-6978 -870
855 8541
1070 821
-2472 -3073
-7062 -1177
-7564 -813
891 961
-9487 -3212
-1815 3164
3051 -7479
4883 -3912
-2121 8569
-6854 -924
870 2577
-1848 3170
-7431 6409
4827 -4150
4322 -2394
974 1109
9516 2999
4815 -3876
-1044 4763
-7084 -1018
8121 2301
-7105 -852
9197 2454
1195 1116
-322 -1925
842 937
-4947 2451
-1822 2999
376 1819
846 802
101 4573
5189 -4062
-6651 -5659
895 1020
4707 8251
-7148 -1187
-7064 1597
1105 1106
630 2623
949 1011
2707 -7225
-1908 3066
-4444 2475
-2129 2937
-133 -1205
-7126 -1168
-4521 4243
5015 -4047
5867 -7480
4928 -4074
6246 9457
-1966 2854
-5561 -17
1002 970
2448 798
-7029 -980
9477 -5540
4964 -3892
-3419 5696
4890 -3997
457 -450
-6906 -800
-2057 678
-7057 -999
1960 -6269
-1897 3079
-4105 8025
1172 1036
-3131 4367
5154 -4165
3406 6361
-1876 2955
-2070 -1721
-1834 3016
2353 -7577
-6894 -955
9078 3133
-6922 -1182
1781 7593
855 1193
-1866 1632
-1869 3113
-8549 8455
-6815 -1031
4105 -6529
850 932
-2726 6733
-1972 2991
2816 5173
-2024 2812
5819 -6575
5012 -4157
-6197 -5358
4959 -4025
4920 -3222
-7022 -957
-6802 4357
-7037 -1166
-161 -8536
811 975
-6417 -4615
-1936 2889
8084 -4753
5086 -3982
5140 -2403
-6878 -1106
-3893 4160
-7186 -823
-3535 4731
-7001 -1198
-2962 -3257
5185 -3840
-7950 8918
1074 895
1986 681
-1966 2858
-1404 6039
5105 -4002
2862 9234
978 980
5003 -4347
5114 -3898
-7223 -5611
4860 -4078
6 -6168
-2009 3155
-5368 6738
-6986 -895
-5483 8835
-6984 -1105
5947 7608
-1916 2885
6044 -536
-2105 2961
4778 -8244
4804 -3952
-5527 -3607
-6913 -942
