450
5953 5797
1056 871
4414 -4574
-2161 3063
-799 -3070
-2105 2880
1869 9727
1138 917
3586 820
1046 1145
5689 5696
-1898 2882
3464 -9265
-2178 2865
8792 9410
-2132 3122
6798 -8716
-2172 2885
-1538 -4101
-6894 -912
-9390 -712
910 1029
9874 5447
-7113 -1088
3460 9688
-1902 3192
-4041 6738
4885 -3830
1228 4859
917 993
2630 -5668
808 903
7128 6526
-7124 -890
-6845 -4187
-6886 -893
-8721 7413
847 1046
-5730 9774
1196 1147
4139 7106
-7011 -1178
7361 4056
-1954 3193
2492 1485
1017 868
-1660 5634
-2158 2945
9604 7816
-7069 -1104
-9821 -9767
1066 803
2288 -3269
5009 -4015
-6508 -4929
-6867 -901
-1689 -1438
-6911 -1013
-971 3023
-1989 3082
8270 5809
-2011 3086
8183 5851
4957 -3905
1283 3045
-1863 2860
-2471 4634
-2149 2909
6657 3125
5081 -3886
-8295 -4733
-6875 -1198
-7016 -5238
-6893 -978
-7112 -7901
4913 -4011
-7378 9956
1170 996
3128 7072
5164 -3895
-8118 -4257
-6976 -1195
-3391 6978
4899 -4183
9644 6729
-1886 2886
-8819 1787
-1865 2800
-4841 -7155
5199 -3996
1571 2948
-6900 -1098
6965 -9497
846 1081
-678 8321
4977 -4059
-2585 9869
-1968 3006
8838 -9848
4889 -3992
6588 -6512
1057 950
1140 -6166
5075 -3906
-1804 4508
-6912 -953
-2029 1130
-6852 -965
9229 -9104
-7141 -1068
-7787 2539
-1854 3159
-2466 345
-7020 -936
7552 -9682
4927 -4053
-6953 3072
4838 -3917
-4152 5615
4981 -4089
8799 -1183
-1818 3149
-3769 6351
-2080 3176
-2069 -1304
-2083 2903
-1818 1666
-1802 2854
-6072 -7429
-6886 -1197
7743 -8616
-7010 -883
335 6133
5051 -4107
6748 -817
-7087 -816
8896 -5798
1069 1016
5673 7719
1057 977
2901 -4273
-7139 -843
6980 5075
5152 -4196
-9613 -3095
-6903 -1149
663 1848
4895 -3920
-1387 -2230
5041 -3887
1242 1990
-1945 3017
-3102 3732
4986 -3995
-838 4769
-1908 2867
8870 -2511
1169 938
-2274 8197
-7005 -1100
-5221 -5100
-7196 -1110
3812 6370
-1878 3064
7497 345
-7047 -1072
8420 8606
1003 850
-4648 -8033
-2070 3043
-6845 4740
4933 -4016
1806 8361
4976 -4190
3492 -6028
5147 -3890
-3481 8902
-1801 2945
1636 652
-6804 -823
4645 -7431
-6886 -1054
5196 -5254
-1873 2972
3822 8731
-7164 -1160
-4692 1259
-2040 2962
-453 -1236
-7062 -973
1900 9232
-6989 -1115
-3975 -9244
-1828 2920
-1755 -7377
-2115 3003
-6625 -6869
1042 1080
-8237 -9137
-6932 -809
-7273 -6595
5116 -4121
-7238 2774
4917 -4074
-689 4521
-2133 3069
-4410 -9064
1139 982
656 5602
-6924 -1061
7974 4576
-1843 3076
-4199 9360
-6877 -817
8480 4253
4977 -3954
7683 -2558
1026 957
1985 3507
4879 -4045
-9655 -9997
-2024 2946
5374 7534
1152 1051
5632 -183
1192 1020
-402 9562
-2197 3080
2243 -3821
-6913 -977
2935 -1812
-1834 3177
2770 2398
-2066 2840
3835 -2151
4945 -3868
7430 -1192
-7104 -1165
-4023 -5524
4856 -3874
4920 4836
5158 -3882
6121 -3847
4809 -4123
-8374 7529
895 852
-756 -1180
-1834 3024
-9732 -2372
877 807
6173 -2884
5015 -4041
6331 2169
-6844 -1184
821 -7372
-2172 2936
2858 -7661
-7108 -1102
-1806 2503
862 1193
-1843 2609
-7074 -823
-8902 -3474
-6824 -806
-6922 7076
-1958 2999
227 586
-1878 3172
-8618 8008
929 1046
-209 -3489
4826 -3859
-2864 -6300
-1876 3022
633 -9507
-2059 3099
-6080 2969
-2196 2821
9040 5573
-2010 3194
-7068 -1850
-1945 2846
1089 -8033
982 1130
-4957 7575
864 1049
-2376 378
5024 -3825
-3677 -9301
-7017 -830
-5586 -1786
1048 1161
4336 8318
5077 -3844
6059 -3782
-1922 2978
606 5348
5106 -3917
-4746 -7744
-1970 2951
-1371 7747
5032 -4200
6579 2420
-2191 3117
1930 -2176
5169 -4168
7660 2697
-1932 3149
6303 8070
-1887 2944
570 3428
4856 -4151
7144 -7816
866 891
-8976 -3379
1048 898
-6765 -8958
-6864 -950
7230 9342
4825 -4013
-2768 9855
806 906
6102 -7380
-6873 -1169
1826 8285
-7012 -838
-8090 -1290
1175 836
-42 -7447
-1935 2849
-6684 -2431
-7103 -1102
7242 -1849
-1915 3183
8289 3604
1192 1126
8892 1729
-6841 -860
3994 -6589
-2108 3081
3158 6537
5136 -4120
7494 9658
-7020 -1039
8025 638
5011 -3809
4109 598
-1912 3079
-2991 2290
4984 -3969
4663 3011
1171 817
-679 9521
1065 869
-110 -9785
4913 -4091
318 -9289
5083 -3939
8229 8699
-2152 2819
5085 1654
-2130 2935
2028 9076
-2081 2931
-160 -6989
-6909 -1089
-7471 639
-7112 -951
8881 -6876
4819 -3826
8883 2502
1199 828
957 1400
-6987 -1139
-2571 9736
1124 1198
2533 -8227
5068 -4179
463 7692
-2033 3057
-2765 -4981
1144 1174
2873 4601
913 1021
-505 2921
-2133 2972
-7296 5592
1080 1004
-1397 -7213
-6944 -978
-5728 -5581
-6914 -1099
5986 2953
-1913 3115
7178 -1932
-2164 2936
4092 597
857 1143
3552 3878
4978 -4103
509 1289
1194 956
-4454 1459
-6881 -1126
4433 -8530
-2098 3150
2249 -4889
857 1178
-8213 -2036
-2053 2807
1248 -6354
5030 -3959
-9255 874
-1822 3075
-3058 -3322
5080 -3953
-5369 -9398
-6902 -861
7262 -8576
4887 -4170
-694 -3424
4827 -3962
-9727 -7818
-6862 -1062
1803 -6465
949 1132
2665 -2426
-6940 -837
-6737 336
-6895 -928
-7116 -3892
-1944 3034
8372 -9296
926 1071
-9 930
-6999 -819
-4856 -9398
5150 -4020
1645 -94
-1944 2941
-7969 -1557
-7185 -916
-819 -2609
-2026 3001
-5503 -7124
-6934 -853
-2548 3675
-1907 2878
3974 236
5029 -3923
